[gd_scene load_steps=9 format=2]

[ext_resource path="res://assets/spaceship_interior/SpaceShip_test2.glb" type="PackedScene" id=1]
[ext_resource path="res://spaceship.gd" type="Script" id=2]
[ext_resource path="res://clickable_area.gd" type="Script" id=3]
[ext_resource path="res://assets/stars/star_square_single_white.glb" type="PackedScene" id=4]
[ext_resource path="res://background.tscn" type="PackedScene" id=5]
[ext_resource path="res://light_switch.tscn" type="PackedScene" id=6]

[sub_resource type="BoxShape" id=1]
extents = Vector3( 0.1, 0.1, 0.1 )

[sub_resource type="BoxShape" id=2]
extents = Vector3( 0.5, 0.5, 0.5 )

[node name="spaceship" type="Spatial"]
script = ExtResource( 2 )

[node name="SpaceShip_test2" parent="." instance=ExtResource( 1 )]

[node name="light_switch" parent="." instance=ExtResource( 6 )]
transform = Transform( -1.62921e-07, 0, 1, 0, 1, 0, -1, 0, -1.62921e-07, 4.90955, 1.69704, 0.93237 )

[node name="camera_origin" type="Spatial" parent="."]
transform = Transform( 0.34202, 0.321394, -0.883022, 0, 0.939693, 0.34202, 0.939693, -0.116978, 0.321394, -0.75, 3, -1.3 )

[node name="camera_console_msg" type="Spatial" parent="."]
transform = Transform( 0.0871556, 0.640342, -0.763129, 0, 0.766044, 0.642788, 0.996195, -0.0560225, 0.066765, 3.45789, 0.811818, -0.438596 )

[node name="camera_console_nav" type="Spatial" parent="."]
transform = Transform( -0.642788, 0.492404, -0.586824, 0, 0.766044, 0.642788, 0.766044, 0.413176, -0.492404, 3.07649, 0.768131, 0.380177 )

[node name="InterpolatedCamera" type="InterpolatedCamera" parent="."]
transform = Transform( 0.34202, 0.321394, -0.883022, 0, 0.939693, 0.34202, 0.939693, -0.116978, 0.321394, -0.75, 3, -1.3 )
target = NodePath("../camera_origin")
speed = 5.0
enabled = true

[node name="Area" type="Area" parent="InterpolatedCamera"]

[node name="CollisionShape" type="CollisionShape" parent="InterpolatedCamera/Area"]
shape = SubResource( 1 )

[node name="nav_console" type="Area" parent="."]
transform = Transform( 0.5, -0.5, -0.707107, 0.707107, 0.707107, 0, 0.5, -0.5, 0.707107, 3.34634, 0.464919, 0.786419 )
script = ExtResource( 3 )
area_path = NodePath(".")

[node name="CollisionShape" type="CollisionShape" parent="nav_console"]
shape = SubResource( 2 )

[node name="msg_console" type="Area" parent="."]
transform = Transform( 1, 0, 0, 0, 1, 0, 0, 0, 1, 3.86748, 0.593925, -0.416344 )
script = ExtResource( 3 )
area_path = NodePath("../msg_console")

[node name="CollisionShape" type="CollisionShape" parent="msg_console"]
shape = SubResource( 2 )

[node name="OmniLight" type="OmniLight" parent="."]
transform = Transform( 1, 0, 0, 0, 1, 0, 0, 0, 1, -0.522601, 4.72816, -2.47037 )
shadow_enabled = true
omni_range = 15.0

[node name="star_square_single_white" parent="." instance=ExtResource( 4 )]
transform = Transform( 100, 0, 0, 0, 1, 0, 0, 0, 100, 0.558647, 9.09094, 1.55055 )

[node name="star_square_single_white2" parent="." instance=ExtResource( 4 )]
transform = Transform( 100, 0, 0, 0, -1.62921e-07, -100, 0, 1, -1.62921e-05, 0.558647, 9.09094, 9.47463 )

[node name="star_square_single_white3" parent="." instance=ExtResource( 4 )]
transform = Transform( -1.62921e-05, -1, 0, 100, -1.62921e-07, 0, 0, 0, 100, -8.57503, 9.09094, 1.55055 )

[node name="background" parent="." instance=ExtResource( 5 )]
[connection signal="light_switch_clicked" from="light_switch" to="." method="_on_light_switch_light_switch_clicked"]
[connection signal="area_clicked" from="nav_console" to="." method="_on_nav_console_area_clicked"]
[connection signal="area_entered" from="nav_console" to="." method="_on_nav_console_area_entered"]
[connection signal="area_exited" from="nav_console" to="." method="_on_nav_console_area_exited"]
[connection signal="area_clicked" from="msg_console" to="." method="_on_msg_console_area_clicked"]
[connection signal="area_entered" from="msg_console" to="." method="_on_msg_console_area_entered"]
[connection signal="area_exited" from="msg_console" to="." method="_on_msg_console_area_exited"]
