[gd_scene load_steps=9 format=2]

[ext_resource path="res://assets/spaceship_interior/spaceship_inside_objectless.glb" type="PackedScene" id=1]
[ext_resource path="res://spaceship.gd" type="Script" id=2]
[ext_resource path="res://trash_can.tscn" type="PackedScene" id=3]
[ext_resource path="res://assets/stars/star_square_single_white.glb" type="PackedScene" id=4]
[ext_resource path="res://background.tscn" type="PackedScene" id=5]
[ext_resource path="res://light_switch.tscn" type="PackedScene" id=6]
[ext_resource path="res://control_panel.tscn" type="PackedScene" id=7]

[sub_resource type="BoxShape" id=1]
extents = Vector3( 0.1, 0.1, 0.1 )

[node name="spaceship" type="Spatial"]
script = ExtResource( 2 )

[node name="spaceship_inside_objectless" parent="." instance=ExtResource( 1 )]

[node name="light_switch" parent="." instance=ExtResource( 6 )]
transform = Transform( -1.62921e-07, 0, 1, 0, 1, 0, -1, 0, -1.62921e-07, 4.90955, 1.69704, 1.47163 )

[node name="camera_origin" type="Spatial" parent="."]
transform = Transform( 0.34202, 0.321394, -0.883022, 0, 0.939693, 0.34202, 0.939693, -0.116978, 0.321394, -0.75, 3, -1.3 )

[node name="InterpolatedCamera" type="InterpolatedCamera" parent="."]
transform = Transform( 0.34202, 0.321394, -0.883022, 0, 0.939693, 0.34202, 0.939693, -0.116978, 0.321394, -0.75, 3, -1.3 )
target = NodePath("../camera_origin")
speed = 5.0
enabled = true

[node name="Area" type="Area" parent="InterpolatedCamera"]

[node name="CollisionShape" type="CollisionShape" parent="InterpolatedCamera/Area"]
shape = SubResource( 1 )

[node name="control_panel_nav" parent="." instance=ExtResource( 7 )]
transform = Transform( 0.794987, 0, -0.606627, 0, 1, 0, 0.606627, 0, 0.794987, 3.15531, 0, 0.504368 )

[node name="control_panel_msg" parent="." instance=ExtResource( 7 )]
transform = Transform( 1, 0, 0, 0, 1, 0, 0, 0, 1, 3.50512, 0, -0.498859 )
area_path = NodePath("../control_panel_msg")

[node name="space_light" type="OmniLight" parent="."]
transform = Transform( 1, 0, 0, 0, 1, 0, 0, 0, 1, 0, 4.23323, -3.42029 )
light_energy = 0.5
shadow_enabled = true
omni_range = 9.0

[node name="star_square_single_white" parent="." instance=ExtResource( 4 )]
transform = Transform( 100, 0, 0, 0, 1, 0, 0, 0, 100, 0.558647, 9.09094, 1.55055 )

[node name="star_square_single_white2" parent="." instance=ExtResource( 4 )]
transform = Transform( 100, 0, 0, 0, -1.62921e-07, -100, 0, 1, -1.62921e-05, 0.558647, 9.09094, 9.47463 )

[node name="star_square_single_white3" parent="." instance=ExtResource( 4 )]
transform = Transform( -1.62921e-05, -1, 0, 100, -1.62921e-07, 0, 0, 0, 100, -8.57503, 9.09094, 1.55055 )

[node name="background" parent="." instance=ExtResource( 5 )]

[node name="trash_can" parent="." instance=ExtResource( 3 )]
transform = Transform( 1, 0, 0, 0, 1, 0, 0, 0, 1, 4.04444, -1.02138e-06, -4.16856 )
[connection signal="light_switch_clicked" from="light_switch" to="." method="_on_light_switch_light_switch_clicked"]
[connection signal="area_clicked" from="control_panel_nav" to="." method="_on_nav_console_area_clicked"]
[connection signal="area_entered" from="control_panel_nav" to="." method="_on_nav_console_area_entered"]
[connection signal="area_exited" from="control_panel_nav" to="." method="_on_nav_console_area_exited"]
[connection signal="area_clicked" from="control_panel_msg" to="." method="_on_msg_console_area_clicked"]
[connection signal="area_entered" from="control_panel_msg" to="." method="_on_msg_console_area_entered"]
[connection signal="area_exited" from="control_panel_msg" to="." method="_on_msg_console_area_exited"]
