[gd_scene load_steps=5 format=2]

[ext_resource path="res://assets/spaceship_interior/SpaceShip_test2.glb" type="PackedScene" id=1]
[ext_resource path="res://spaceship.gd" type="Script" id=2]
[ext_resource path="res://clickable_area.gd" type="Script" id=3]

[sub_resource type="BoxShape" id=1]
extents = Vector3( 0.5, 0.5, 0.5 )

[node name="spaceship" type="Spatial"]
script = ExtResource( 2 )

[node name="SpaceShip_test2" parent="." instance=ExtResource( 1 )]

[node name="InterpolatedCamera" type="InterpolatedCamera" parent="."]
transform = Transform( 0.34202, 0.321394, -0.883022, 0, 0.939693, 0.34202, 0.939693, -0.116978, 0.321394, -0.75, 3, -1.3 )
target = NodePath("../camera_console_nav")
speed = 5.0
enabled = true

[node name="camera_origin" type="Spatial" parent="."]
transform = Transform( 0.34202, 0.321394, -0.883022, 0, 0.939693, 0.34202, 0.939693, -0.116978, 0.321394, -0.75, 3, -1.3 )

[node name="camera_console_msg" type="Spatial" parent="."]
transform = Transform( 0.0871556, 0.640342, -0.763129, 0, 0.766044, 0.642788, 0.996195, -0.0560225, 0.066765, 3.45789, 0.811818, -0.438596 )

[node name="camera_console_nav" type="Spatial" parent="."]
transform = Transform( -0.642788, 0.492404, -0.586824, 0, 0.766044, 0.642788, 0.766044, 0.413176, -0.492404, 3.07649, 0.768131, 0.380177 )

[node name="nav_console" type="Area" parent="."]
transform = Transform( 1, 0, 0, 0, 1, 0, 0, 0, 1, 3.1805, 0.593925, 0.787746 )
script = ExtResource( 3 )
area_path = NodePath(".")

[node name="CollisionShape" type="CollisionShape" parent="nav_console"]
shape = SubResource( 1 )

[node name="msg_console" type="Area" parent="."]
transform = Transform( 1, 0, 0, 0, 1, 0, 0, 0, 1, 3.65628, 0.593925, -0.284341 )
script = ExtResource( 3 )
area_path = NodePath("../msg_console")

[node name="CollisionShape" type="CollisionShape" parent="msg_console"]
shape = SubResource( 1 )
[connection signal="area_clicked" from="nav_console" to="." method="_on_nav_console_area_clicked"]
[connection signal="area_clicked" from="msg_console" to="." method="_on_msg_console_area_clicked"]
