[gd_scene load_steps=5 format=2]

[ext_resource path="res://assets/spaceship_interior/SpaceShip_test1.glb" type="PackedScene" id=1]
[ext_resource path="res://spaceship.gd" type="Script" id=2]
[ext_resource path="res://clickable_area.gd" type="Script" id=3]

[sub_resource type="BoxShape" id=1]
extents = Vector3( 0.5, 0.5, 0.5 )

[node name="spaceship" type="Spatial"]
script = ExtResource( 2 )

[node name="SpaceShip_test1" parent="." instance=ExtResource( 1 )]
transform = Transform( 1, 0, 0, 0, 1, 0, 0, 0, 1, 10.5354, 0, -5.50463 )

[node name="InterpolatedCamera" type="InterpolatedCamera" parent="."]
transform = Transform( 0.642788, 0.323744, -0.694272, 0, 0.906308, 0.422618, 0.766044, -0.271654, 0.582563, 0, 3, 0 )
target = NodePath("../camera_console_nav")
speed = 4.0
enabled = true

[node name="camera_console_msg" type="Spatial" parent="."]
transform = Transform( 0.34202, 0.538986, -0.769751, 0, 0.819152, 0.573577, 0.939693, -0.196175, 0.280166, 3.67791, 0.663902, -1.41708 )

[node name="camera_console_nav" type="Spatial" parent="."]
transform = Transform( -0.5, 0.55667, -0.663414, 0, 0.766044, 0.642788, 0.866025, 0.321394, -0.383022, 3.61805, 0.768131, -0.551211 )

[node name="camera_origin" type="Spatial" parent="."]
transform = Transform( 0.642788, 0.323744, -0.694272, 0, 0.906308, 0.422618, 0.766044, -0.271654, 0.582563, 0, 3, 0 )

[node name="nav_console" type="Area" parent="."]
transform = Transform( 1, 0, 0, 0, 1, 0, 0, 0, 1, 3.65628, 0.593925, -0.402495 )
script = ExtResource( 3 )
area_path = NodePath(".")

[node name="CollisionShape" type="CollisionShape" parent="nav_console"]
shape = SubResource( 1 )

[node name="msg_console" type="Area" parent="."]
transform = Transform( 1, 0, 0, 0, 1, 0, 0, 0, 1, 3.65628, 0.593925, -1.47458 )
script = ExtResource( 3 )
area_path = NodePath("../msg_console")

[node name="CollisionShape" type="CollisionShape" parent="msg_console"]
shape = SubResource( 1 )
[connection signal="area_clicked" from="nav_console" to="." method="_on_nav_console_area_clicked"]
[connection signal="area_clicked" from="msg_console" to="." method="_on_msg_console_area_clicked"]
